54657273060
03618991061
08137764305
60475366468
12757458574
65714269608
71577717805
27839839401
65259928342
59517802412
79884135118
05539217110
70825203104
66286332847
77181350552
66142207646
27517057901
65135332790
85326437368
97129949104
56666297512
98357966969
78542522893
13714394001
95161000317
75098643309
68152177016
18695254852
93547028809
46692348544
34548280740
53179177519
55939546315
72330675976
53341438408
51122980906
01798640414
90830951342
24347792980
88391581624
24453073410
92342649320
10186981910
38800287611
11060110660
27597211082
88818899198
00951411896
80767657659
29754820430
38989633303
54508417523
04011701106
67250921525
26490755386
82374994848
95527262042
03265099091
78883115635
07275610574
62845906285
63893093176
91414886799
56016746045
54003895703
18134737730
09037308805
11338638173
31309149780
98439068026
84815208107
03387551525
04287808908
59777552602
36729479892
79623144601
95056839795
35376422615
79206292412
92350014398
34154613600
47914945714
22566552614
71991393490
56798223508
38027485819
27992892828
73386472591
68784410132
66821605777
92735595145
70109115503
70296887595
47242829836
94059406600
77066333144
05325991442
10730112837
96687305778
80082184445
51850480508
29012547059
89806122143
81877687979
18030764294
22551060788
21895165440
82230874993
95130055691
50947940600
32074986394
97013515418
52997901049
19005632585
23752457503
04488482953
28998951843
68460299740
54436342166
06499392472
96513586453
78462172160
63152425619
19910450429
46970806103
10335218415
19330638074
07222053689
39948724135
05330901561
78721049890
36281839790
77234296816
24072379514
05471002997
31882368916
11030952000
12127719409
43596884667
78943607245
78125238298
40771284470
08995412593
07934509006
86368344229
00440442249
10810623048
49400459009
02342326688
62624576150
30942188497
81343120551
38869866599
09256273217
83423598670
39603644587
76653392716
98565233464
76687972545
34058752262
73254108167
60958570230
81330840836
59776519296
79698913220
85685295421
05196737359
17444483531
67487727882
83887886984
36849422359
58384240957
24355569420
70582183073
10748359648
96452210211
24617868607
71704482976
21215493312
32482016142
74698915015
81221138936
99513551024
64886152899
77771963676
05161483628
61073820971
05182245467
20180616404
52290611204
13760487106
87301949898
36109812102
35104148297
90697035999
32958290476
14228859763
29527336198
77570792335
29859634785
62928185437
92174405318
31067401598
09558623024
77622382477
47164866996
71092492470
47584200761
58635080270
23147975312
31682439496
29786596455
07437959895
41528769309
75330623707
58668794507
40909415390
45557943382
02969358670
38935137367
38663078102
73117954511
33927052094
70139417940
14667500140
32180596901
16698352438
16513228301
32577169582
98520810390
98529663756
85290961348
81250867223
89584617990
51755877226
53435591900
53737635609
32687986240
14340808385
96694078005
61574366467
86801595814
78177834622
04507304687
59177486838
43300689317
53534429206
46342870560
49844212405
27272585773
30854082310
81331864631
62040169970
71392161690
39970074385
22021031551
69523255061
22066028223
25232309765
33545632148
29881506565
22599969301
29628416863
62848746777
76312608506
69369026428
31521394628
40639562299
55385400904
99082204207
01992307652
38080691983
53998324615
62444951603
90703782487
08989852854
63296795685
47763432900
95058133687
54933123446
56883967508
67418888708
11170734162
06451140309
42242510606
24177821462
46354980268
63676191277
73932698134
17528499498
54580901525
55945614980
70510562477
99378887007
84666947655
32136620541
69748559661
51064484840
09999497055
95439501053
37631136491
68196881487
74832306499
90663207100
55486796781
56148744023
28645344440
76570894820
13267936160
27543451247
43646306408
03823159364
59595629286
02193724709
38244480254
78979498772
93784620140
00191083461
16027795034
16453410460
15403491287
89438477934
55018403322
83444876416
04347716435
07768614178
07261105660
48452867425
41639230122
42679873351
82838182951
56908417220
31250815053
87683612030
41687451478
37770609844
78087875400
96903319301
12543332405
90871430606
40121495124
83841935508
28941236550
37547718094
66833262403
56553642710
97667666733
69855974328
90893635995
44496723999
74892936189
41653413638
75694435354
69204424931
32742153411
36730815353
08660737792
97654584016
19502336852
44675856802
10187352674
76143749086
70485499550
74439214975
62821345364
25649121095
30994012934
12736245997
66286855513
58297122530
24248363534
19444942783
56966127094
61598839330
57565056871
71259484050
72291209264
00391976974
81316778509
54418502483
73425587374
12006213520
52036678882
93243423716
13490892143
60745732470
94497744205
74844055585
41791820255
57127680540
92986758878
80515898406
90754850854
49198417878
27005630262
77624241307
97764597066
42888017377
63989511661
43741630187
83273444479
80456511059
27522315557
72774294789
15218420433
56563480675
31984654195
10601442202
21303609711
24420517298
83476034054
74794482523
87012335645
83882731087
60710917309
06158607100
12521085081
76805015561
77454032354
82993230379
70225867052
27512458541
49138012529
08869325059
28706714072
84172841767
26886536281
17496611875
60250578182
67800376052
02123450286
96281411048
12878489071
76787076061
46144358404
03869870842
91422823490
16475391964
20151517452
48042000294
11994552298
29601761462
00986426695
33167448431
71571105638
90611689880
73628107687
06174723941
21759515370
39866321401
81808936507
78117964066
64025981866
71220625620
12357079037
85740968143
71359237747
08047898604
53547430445
01855360772
86445151108
59413562504
25831858880
43000013911
44428972040
71107028710
12543107541
09852779478
61386980617
79981465160
19015207810
02257523792
47431642903
12506716122
64458187813
36053490482
51249870577
48400290160
45681130401
62084635560
66690064115
21696340888
74787063553
40233709169
14815487510
87994081800
94555934598
36801070487
55942913269
76985093892
42892002656
51486612083
39019217615
23029098524
37002463314
81382973950
41648461433
00859131386
88130613158
66572304353
63796726801
08475564682
24155817713
60306120267
11260382613
52739443412
27087684507
20687769957
24317551772
71727812441
75538975665
62292075326
28440640196
35665172243
96649514470
33030195848
08017498080
86367278630
65217913703
80356713245
51963873238
19915229321
50331760487
30140566937
96133730200
01522948309
93703094117
70866074015
81589421647
85060040399
93739072121
34779544246
35676505303
88979848510
73174312817
79216996420
41731475039
08084301306
62043787918
37586917531
19996043266
95547877310
37446273909
32250504741
48782221588
00883919737
04013103702
58433562134
11490789103
82905389281
09726741602
70589203037
35112134607
53459305622
05973202500
39304789354
61390033503
52387195400
53806882339
48437003989
98201358856
69071419061
79849686910
78746582134
81160141614
74300263205
11624570313
16012070349
26651760092
48694327570
53345105756
58378193047
66169937017
97786860177
53827277671
58072269925
93206510430
77208105707
98669439506
54670881060
43614233774
79035437179
29877242095
59467799154
24565136732
50938522019
93239794900
54791945425
17680068224
64112849540
17338813957
19771785702
68161977470
79106711561
77657342374
16179988420
14561730907
18040681871
51604886501
39536549930
87119036270
36805427398
38571896062
78426088490
90387183493
96687381954
39949892481
62884913491
12826193147
72793284319
93789224065
95566082220
14706429480
47563573186
51141973049
50993053009
34816544992
10035072202
47386856512
93427662268
40268726108
55442959995
57546748720
29517229585
83842163207
67959692319
07632920013
88163654988
34785536012
42920604015
54629448888
09947139832
75098518407
46362158857
95731833400
67622218588
90113801262
05107218342
65662557101
56985523552
48730288258
75093262811
87248116459
14890281703
00133583597
10820511366
00668668474
63816838995
52255104180
29103729109
17347545838
85008327038
23628975409
41686375492
96517881352
48249193636
85441132493
69990350914
77225545043
94848933765
12354013086
17813540220
27856140542
64161265913
36612944153
85876689190
02268713202
29249081081
93488043401
10911313761
08692905330
02023284228
54254353472
44899931298
21436797691
67371485220
90027678628
63668267812
09747351080
75232773496
14835562470
76501084733
77956851025
56573078012
93513476647
93185945859
17220753764
55773648334
74758026807
73760595391
03892774609
40026868334
22576004601
09014768893
17040612291
08208826820
11853052540
22093868539
41771950900
85303378322
33938736364
77056015832
31965484492
81452679860
50492019428
50825217059
70002437910
05439201270
55606236605
75243279358
09571715360
09826697206
26515054718
75928045220
55063923623
66906201743
84927796752
56412806075
14065443610
21920865551
06076926180
84018351607
25562328976
94543885333
93892886148
20742920070
66682344538
62911111362
29018638331
96375458161
62605999785
30526371005
43763775897
78868561557
57307860937
51080135316
49979592354
73956357442
70525757287
34067205872
53419938292
99015112169
86439819747
86038907572
53401026291
53864540135
09279122282
48116949101
87373634338
80526176261
01237483646
98820524015
58535053514
64935469072
23934125069
14979757510
25297318459
67953207664
19054241594
12102615880
96918534009
50083972498
27056283632
25230495626
00615161391
80732996821
90830713913
63951080930
67234897305
68244657472
15171995303
02851658875
51825870829
65271051420
22113542463
03022810458
31114808369
86438166715
17379582950
22106812604
54637998069
45048798082
28520503900
14185754884
86947234174
41231322861
66914988609
34612299116
19211664608
34406273905
53830580282
20799409375
85951843995
17868373580
11672100690
37426072193
80345645162
83069072720
48303177524
90247348007
27121840251
69777670656
48436186168
71860759599
79052756635
34602547770
54128157406
86474434899
80091829151
97839630073
37779735303
43075125962
69997097939
06054744194
83489302567
32097997503
60803330901
96364336310
84397997489
98347249261
25452832742
31557663521
61912759357
02655476603
44441244584
57359643643
97408999868
12364864984
63669840699
13224499370
55116189422
45295386724
79462667586
15752805740
67685539330
64206645353
98897645631
98442874305
83693054312
15436091989
78014037030
32132838356
97409479809
36438340553
50237839288
09413945063
43339337225
36589286388
88378968758
30853464146
56490921170
32371910864
73167770872
80557345502
03148322975
93793453561
49197878391
72950756905
08051233859
23016261308
49893919851
74190357766
19654538806
90230464807
77284476370
91226700250
25180044324
79515064864
29538681002
85568994129
14665206120
69893555906
22267598590
51580627307
63130177302
40783109156
86970290743
60381992845
26234024696
11598185411
78500706589
92507151293
62721489925
59765214103
16076769238
11581413009
59598234975
87287309416
75298917313
14286503933
82253482730
33187560407
38271659030
04636415078
49038557752
20527719480
40838824412
67328008253
60731911890
66144588256
48563939521
43823252933
13790134376
58856508702
18834916905
32549731190
01943299250
75710029238
31812882688
34611307530
76417163180
00315512547
72250255466
48343560353
37813569300
10141835885
20234324724
80266707289
16314414938
69843778545
83541944773
19587846990
13119514314
13421797064
68077762174
22555754423
16249621571
13295601321
15813882847
69732505303
28709267077
83313958249
10168268264
56179113840
38473445449
40947476300
77391038709
81738124207
40516047728
07463256308
65943739432
88345351204
67841251777
60104648031
45359827327
57979878132
45285630452
53566123706
83132759791
41703911520
06570001671
87729636468
86954791881
39542875282
18763630885
74879803910
52562881567
73731870134
13766833855
22301023540
42433980038
82806725321
23172101754
59549959589
64882416646
19833337007
83434248242
69995153106
41006405364
06154351224
64931285015
14203064481
32918532290
14370891515
12405490323
17865144350
42455294153
42207329429
58903673824
29069681021
74527621424
50469891157
79233837408
90034100202
55607477690
69172073900
74426551498
96133094974
70189432802
98134274005
22319174753
09456817121
14241358500
96436237933
46135023810
53382689650
61790155118
48098556190
75259747135
80424342944